[Variables]
ercf_calib_0 = 1.0
ercf_calib_1 = 1.0004991477519773
ercf_calib_10 = 1.0
ercf_calib_11 = 1.0
ercf_calib_2 = 0.9993654376695389
ercf_calib_3 = 1.0027743021527777
ercf_calib_4 = 0.9982342939936254
ercf_calib_5 = 0.9993654376695389
ercf_calib_6 = 1.0
ercf_calib_7 = 1.0
ercf_calib_8 = 1.0
ercf_calib_9 = 1.0
ercf_calib_ref = 1318.779063

